64494 145575 249108 112534 122428 159252 161635 137706 184529 208276 232575 182647 211998 353996
64494 149619 253556 113731 122428 159252 161635 137706 184529 208276 235718 182647 216155 357336
71283 137487 204624 89787 115774 141004 134696 133827 154233 198359 213717 156133 187057 290544
71283 139509 209073 90985 115774 141004 136379 135767 156988 201664 213717 159079 191214 293884
71283 139509 209073 90985 115774 141004 136379 133827 154233 198359 213717 159079 187057 290544
74678 141531 209073 90985 115774 141004 136379 135767 156988 201664 213717 159079 191214 297223
71283 135466 195728 96970 122428 144322 122910 108613 129446 191747 157145 164971 187057 247129
74678 135466 204624 96970 123759 144322 122910 108613 129446 195053 157145 167917 187057 250469
74678 135466 204624 96970 123759 144322 122910 108613 132200 195053 160288 167917 191214 253809
50916 107159 191279 80210 95813 126075 114491 104734 137708 168605 160288 132566 133018 267167
54311 109181 195728 81407 95813 127733 116175 104734 140463 168605 160288 135512 137175 270507
50916 107159 191279 81407 95813 126075 114491 104734 140463 168605 160288 135512 137175 270507
54311 109181 195728 81407 95813 127733 116175 104734 140463 171911 163431 135512 137175 273846
54311 95028 169037 83801 93152 129392 109440 96976 126692 155381 150859 114890 137175 190356
57705 97050 169037 83801 93152 131051 111124 96976 126692 155381 154002 114890 141332 200375
57705 97050 169037 83801 94482 131051 111124 96976 129446 155381 154002 114890 141332 200375
50916 117269 200176 89787 125089 126075 129645 108613 137708 165299 154002 111945 141332 207054
50916 117269 200176 90985 126420 127733 131328 110553 137708 168605 154002 114890 145489 210394
50916 117269 200176 89787 125089 126075 129645 108613 137708 168605 154002 111945 141332 207054
54311 121312 200176 92182 126420 127733 131328 110553 137708 168605 154002 114890 145489 210394
54311 90984 137899 65844 74521 82944 92603 93097 101904 122321 100573 91323 108077 146942
54311 90984 137899 67041 75852 82944 92603 93097 101904 122321 100573 91323 112234 146942
54311 97050 142347 67041 75852 84602 94287 93097 101904 122321 103716 91323 112234 153621
44127 78853 137899 51478 79844 102850 95971 79520 121183 102485 110001 73648 95607 106866
44127 82897 137899 53872 81175 104509 95971 79520 121183 102485 110001 76593 99764 113546
44127 82897 137899 52675 79844 104509 95971 79520 121183 102485 110001 73648 95607 110206
44127 82897 137899 53872 81175 104509 95971 81460 121183 105791 113144 76593 99764 116885
47522 84919 133450 59858 79844 107827 75766 85339 104658 145463 91144 103107 83136 146942
47522 86940 137899 61055 81175 109486 77450 85339 104658 145463 91144 106053 83136 146942
47522 88962 137899 61055 81175 109486 77450 85339 107412 148769 91144 106053 87293 150281
54311 97050 137899 65844 87829 121098 102705 93097 123937 135545 128859 88377 74823 113546
54311 101094 137899 67041 87829 121098 104389 95037 123937 138851 132002 91323 74823 116885
54311 99072 137899 65844 87829 121098 104389 93097 123937 135545 128859 91323 74823 116885
54311 101094 142347 67041 89159 122757 104389 95037 123937 138851 132002 91323 74823 116885
37339 80875 129002 55069 79844 82944 84185 87278 126692 112403 110001 67756 49882 96848
37339 82897 129002 56267 79844 84602 85868 87278 126692 112403 113144 70702 54038 96848
37339 84919 137899 56267 79844 84602 85868 87278 129446 115709 113144 70702 54038 100187
61100 129400 204624 92182 127751 172523 153216 131888 162496 168605 150859 100161 70666 123564
61100 131422 209073 92182 129082 174182 153216 131888 165250 168605 154002 100161 74823 130244
61100 129400 204624 92182 127751 172523 153216 131888 162496 168605 154002 100161 70666 130244
64494 131422 209073 93379 129082 174182 153216 131888 165250 168605 154002 100161 74823 130244
64494 143553 258005 126900 137066 189112 154900 133827 179021 195053 154002 103107 78979 116885
64494 145575 258005 128097 137066 190771 156584 133827 181775 195053 154002 103107 78979 120225
67889 145575 258005 128097 138397 190771 156584 133827 181775 198359 154002 106053 83136 126904
71283 163772 240211 117322 126420 174182 134696 133827 187284 201664 132002 97215 99764 116885
74678 165794 244660 117322 127751 174182 136379 135767 190038 204970 135145 100161 103920 123564
74678 163772 240211 117322 126420 174182 134696 133827 190038 201664 132002 97215 99764 120225
74678 165794 244660 118519 127751 174182 136379 135767 190038 204970 135145 100161 103920 123564
78072 155684 235763 108942 131743 164229 134696 137706 179021 175217 141430 103107 74823 110206
78072 157706 235763 108942 131743 164229 134696 139646 179021 178523 141430 106053 78979 113546
78072 159728 240211 110139 131743 164229 134696 139646 179021 178523 144573 106053 78979 120225
64494 159728 249108 123308 153035 205701 178472 164860 225842 228112 166574 94269 87293 130244
64494 159728 249108 123308 154366 207360 180156 164860 225842 228112 169717 97215 91450 133583
64494 159728 249108 123308 154366 205701 180156 164860 225842 228112 169717 94269 91450 130244
64494 163772 249108 123308 154366 207360 180156 164860 225842 231418 169717 97215 91450 133583
88255 196122 266901 160420 203603 232243 195309 182316 236859 290926 207432 135512 112234 180338
91650 198144 266901 160420 203603 233902 195309 182316 239613 290926 207432 138458 112234 183677
91650 198144 271350 161618 203603 233902 195309 182316 239613 294232 207432 138458 116391 190356
95044 183991 293592 169998 200942 262103 235718 238562 269909 294232 191717 138458 95607 170319
95044 186013 298040 169998 200942 263762 235718 240502 272663 294232 194860 138458 95607 173658
95044 186013 293592 169998 200942 263762 235718 240502 269909 294232 194860 138458 95607 170319
95044 188034 298040 169998 200942 263762 237402 240502 272663 294232 194860 141404 99764 180338
132383 258800 391456 262180 283448 386519 301382 292869 333255 366964 279719 179701 166273 227092
132383 260822 391456 262180 283448 388178 301382 294808 336009 366964 279719 179701 166273 230431
135778 260822 391456 263377 284779 388178 303066 294808 336009 370270 282861 182647 170430 237111
145961 274975 462629 277743 318047 416379 311484 314204 349780 400024 267147 226836 187057 240450
149356 276997 467078 278940 319378 418038 313168 316143 352534 403329 270290 226836 191214 247129
145961 274975 467078 278940 319378 418038 313168 316143 349780 403329 267147 226836 187057 243790
149356 276997 471526 278940 319378 418038 313168 316143 352534 403329 270290 229781 191214 247129
152750 297216 462629 334010 347323 446239 314852 320022 377322 380188 323719 203268 182900 257148
152750 297216 467078 334010 347323 446239 314852 320022 377322 380188 323719 203268 182900 257148
152750 299238 467078 335207 348654 447898 314852 321962 380076 380188 326862 206214 182900 260488
176511 333610 564942 348376 397892 500982 375465 372390 435159 436389 298576 247457 224469 293884
176511 335632 569390 349573 399222 500982 375465 374329 435159 436389 298576 250403 228626 303902
176511 333610 569390 348376 397892 500982 375465 374329 435159 436389 298576 247457 228626 303902
176511 335632 569390 350771 399222 500982 377149 374329 437914 436389 301719 250403 228626 303902
149356 339676 551597 350771 404545 494346 372098 374329 415880 452919 370863 209160 249410 360676
149356 339676 556045 350771 404545 494346 373781 374329 415880 452919 370863 209160 249410 364015
149356 341697 556045 351968 404545 494346 373781 376269 415880 452919 374006 212106 253567 370694
149356 315413 529355 316053 376600 472781 351893 343297 429651 403329 355148 212106 224469 330619
149356 319457 529355 317250 376600 474440 351893 343297 429651 403329 355148 212106 224469 333959
149356 317435 529355 316053 376600 472781 351893 343297 429651 403329 355148 212106 224469 330619
149356 321479 529355 317250 376600 474440 353577 343297 432405 403329 358291 215052 228626 340638
179906 422573 765118 549501 534958 625398 454599 428636 545326 525651 440007 268078 278508 454184
179906 422573 765118 550698 534958 627057 456283 428636 548081 525651 440007 268078 278508 457524
179906 424595 765118 550698 534958 627057 456283 428636 548081 525651 440007 271024 282664 464203
217245 432682 765118 545910 530966 573973 463018 449971 537064 552099 455722 329943 282664 467543
217245 432682 769567 545910 530966 575632 464701 451911 537064 552099 455722 329943 286821 477561
217245 432682 769567 545910 530966 575632 464701 449971 537064 552099 455722 329943 282664 474222
217245 432682 769567 545910 532297 575632 464701 451911 539818 555405 458865 329943 286821 477561
227428 416507 738428 533938 558912 646963 471436 428636 550835 509121 440007 291646 324233 470882
227428 418529 738428 533938 558912 646963 473120 428636 550835 509121 440007 291646 328390 470882
227428 418529 742876 535135 560242 648622 473120 428636 550835 512427 443150 291646 328390 477561
217245 376069 640564 470488 488382 549089 442813 416999 506768 462837 392863 294592 282664 437486
217245 382135 640564 472882 489713 549089 444497 418939 506768 466143 392863 297538 282664 444165
217245 380113 640564 470488 488382 549089 442813 416999 506768 462837 392863 294592 282664 440826
217245 382135 640564 472882 489713 549089 444497 418939 506768 466143 396006 297538 282664 447505
203667 398310 738428 483657 487052 524206 419241 384027 490243 522345 440007 312267 307605 541014
203667 400332 742876 484854 487052 524206 420925 384027 492997 525651 440007 312267 307605 544353
203667 400332 747325 484854 487052 524206 420925 384027 492997 525651 440007 315213 307605 544353
220639 388201 702841 452530 467090 572314 473120 411180 550835 608300 537437 418321 465565 931746
220639 392244 702841 453727 467090 573973 473120 413120 550835 611606 540580 421266 469722 935086
220639 392244 702841 453727 467090 573973 473120 411180 550835 611606 540580 418321 465565 935086
220639 392244 702841 453727 468421 573973 474804 413120 550835 611606 540580 421266 469722 935086
156144 311369 604977 386686 404545 434627 323270 290929 355288 370270 355148 241565 249410 390732
159539 311369 613874 386686 404545 434627 323270 292869 355288 370270 355148 241565 253567 394071
159539 311369 613874 387883 404545 436285 323270 292869 358042 370270 358291 241565 253567 394071
139172 264866 480423 277743 319378 373248 264341 248260 297451 304150 289147 206214 207841 330619
142567 264866 489320 278940 319378 373248 264341 250199 300205 307456 292290 206214 211998 337298
139172 264866 484871 277743 319378 373248 264341 248260 297451 307456 289147 206214 207841 333959
142567 266888 489320 278940 319378 374907 264341 250199 300205 307456 292290 206214 211998 340638
159539 264866 435939 293306 300747 293622 245820 215288 261646 304150 245147 197376 232782 374034
159539 266888 440388 293306 300747 293622 247504 215288 261646 304150 245147 200322 232782 374034
159539 266888 444836 294504 302078 293622 247504 215288 264400 304150 245147 200322 236939 384053
122200 206231 364765 223871 259494 278692 222248 182316 201054 251254 229432 182647 199528 320600
122200 208253 364765 223871 260825 280351 222248 184255 201054 251254 232575 182647 199528 323940
122200 208253 364765 223871 260825 278692 222248 184255 201054 251254 232575 182647 199528 320600
122200 208253 369214 225068 260825 280351 222248 184255 203809 251254 232575 182647 203685 327280
91650 208253 378111 244222 234210 257126 202044 176497 203809 221500 191717 153187 182900 287204
91650 208253 382559 245420 234210 257126 202044 176497 203809 221500 191717 156133 182900 287204
95044 210275 382559 246617 234210 257126 203728 176497 206563 221500 194860 156133 187057 293884
78072 157706 320282 186758 198280 222290 170053 159041 162496 181829 144573 123728 153802 267167
81466 157706 320282 186758 198280 222290 170053 160981 165250 181829 144573 126674 153802 270507
