0
0
0
0
0
0
0
0
0
0
0
0
0
0
0
0
0
0
0
0
0
0
0
0
0
0
0
0
0
0
0
0
0
0
0
0
0
0
0
0
0
0
0
0
0
0
0
0
0
0
0
0
0
0
0
0
0
0
0
0
0
0
0
0
0
0
0
0
0
0
0
0
0
0
0
0
0
0
0
0
0
0
0
0
0
0
0
0
0
0
0
0
0
0
0
0
0
0
0
0
0
0
0
0
0
0
0
0
0
0
0
0
0
0
0
0
0
0
0
0
0
0
0
0
0
0
0
0
0
0
0
0
0
0
0
0
0
0
0
0
0
0
0
0
0
0
0
0
0
0
0
0
0
0
0
0
0
0
0
0
0
0
0
0
0
0
0
0
0
0
0
0
0
0
0
0
0
0
0
0
0
0
0
0
0
0
0
0
0
0
0
0
0
0
0
0
0
0
0
0
0
0
0
0
0
0
0
0
0
0
0
0
0
0
0
0
0
0
0
0
0
0
0
0
0
0
0
0
0
0
0
0
0
0
0
0
0
0
0
0
0
0
0
0
0
0
0
0
0
0
0
0
0
0
0
0
0
0
0
0
0
0
0
0
0
0
0
0
0
0
0
0
0
0
0
0
0
0
0
0
0
0
0
0
0
0
0
0
0
0
0
0
0
0
0
0
0
0
0
0
0
0
0
0
0
0
0
228548
273318
270500
298677
369746
395419
407629
349709
444885
443007
445511
572935
587962
424222
476193
628663
666858
657153
696601
772679
535052
466488
773618
829972
911999
1043179
1453313
1921053
1787681
1674973
2045032
2462680
2773567
2801118
3279816
2699993
2431685
2610453
2721909
2663363
2717839
2949204
2327742
2027813
2145217
2156175
2002140
2106709
2543334
2112899
1796402
2155748
2333960
2503732
2764720
3261701
2968901
2522884
2649482
2728363
2591377
2738426
3449002
3117573
2301174
2413490
2395311
2534894
2966628
8768554
7708129
7268243
7302268
7983564
8507701
9135531
9599720
8588711
8822831
9312133
10355546
10766268
10635031
9897027
9264337
9995860
11217495
11667102
10774369
9651566
4809581
5370172
5935624
6753018
6850230
6461381
6301791
5189519
4357544
4926236
5298073
4918135
4414251
4279774
3648704
3359497
3628451
4070767
3815585
3541770
3610629
2993330
3038696
4324329
4202004
4381847
4394808
3792902
3015203
1874578
270574
57517
234930
592185
1030451
1446034
1766834
3084062
5002883
5929343
6336437
6497997
5174483
3934944
5246592
4164049
5836240
5684721
5598008
4596701
3581703
5108764
4981889
5470220
5956726
5783300
4573808
4040409
5195200
5218786
5329457
5020122
4909450
4063994
3434438
4355187
4018637
4597394
4604651
4698086
3798202
3456210
4568365
4913079
4855929
4292594
4484001
3579323
2987941
3476736
3862181
4167762
4040057
3492416
3286776
3099357
3521050
3546212
3480269
3239921
2252869
1919728
1640028
1634475
1375597
1934303
3018258
3106168
2505447
2288601
2712525
1798000
2342362
2342362
2342362
2342362
2342362
2342362
2342362
2342362
2342362
2342362
2342362
2342362
2342362
2342362
2342362
2342362
2342362
2342362
2342362
2342362
2342362
2342362
2342362
2342362
2342362
2342362
2342362
2342362
2342362
2342362
2342362
2342362
2342362
2342362
2342362
2342362
2342362
2342362
2342362
2342362
2342362
2342362
2342362
2342362
2342362
2342362
2342362
2342362
2342362
2342362
2342362
2342362
2342362
2342362
2342362
2342362
2342362
2342362
2342362
2342362
2342362
2342362
2342362
2342362
2342362
2342362
2342362
2342362
2342362
2342362
2342362
2342362
2342362
2342362
2342362
2342362
2342362
2342362
2342362
2342362
2342362
2342362
2342362
2342362
2342362
2342362
2342362
2342362
2342362
2342362
2342362
2342362
2342362
2342362
2342362
2342362
2342362
2342362
2342362
2342362
2342362
2342362
2342362
2342362
2342362
2342362
2342362
2342362
2342362
2342362
2342362
2342362
2342362
2342362
2342362
2342362
2342362
2342362
2342362
2342362
2342362
2342362
2342362
2342362
2342362
2342362
2342362
2342362
2342362
2342362
2342362
2342362
2342362
2342362
2342362
2342362
2342362
2342362
2342362
2342362
2342362
2342362
2342362
2342362
2342362
2342362
2342362
2342362
2342362
2342362
2342362
2342362
2342362
2342362
2342362
2342362
2342362
2342362
2342362
2342362
2342362
2342362
2342362
2342362
2342362
2342362
2342362
2342362
2342362
2342362
2342362
2342362
2342362
2342362
2342362
2342362
2342362
2342362
2342362
2342362
2342362
2342362
2342362
2342362
2342362
2342362
2342362
2342362
2342362
2342362
2342362
2342362
2342362
2342362
2342362
2342362
2342362
2342362
2342362
2342362
2342362
2342362
2342362
2342362
2342362
2342362
2342362
2342362
2342362
2342362
2342362
2342362
2342362
2342362
2342362
2342362
2342362
2342362
2342362
2342362
2342362
2342362
2342362
2342362
2342362
2342362
2342362
2342362
2342362
2342362
2342362
2342362
2342362
2342362
2342362
2342362
2342362
2342362
2342362
2342362
2342362
2342362
2342362
2342362
2342362
2342362
2342362
2342362
2342362
2342362
2342362
2342362
2342362
2342362
2342362
2342362
2342362
2342362
2342362
2342362
2342362
2342362
2342362
2342362
2342362
2342362
2342362
2342362
2342362
2342362
2342362
2342362
2342362
2342362
2342362
2342362
2342362
2342362
2342362
2342362
2342362
2342362
2342362
2342362
2342362
2342362
2342362
2342362
2342362
2342362
2342362
2342362
2342362
2342362
2342362
2342362
2342362
2342362
2342362
2342362
2342362
2342362
2342362
2342362
2342362
2342362
2342362
2342362
2342362
2342362
2342362
2342362
2342362
2342362
2342362
2342362
2342362
2342362
2342362
2342362
2342362
2342362
2342362
2342362
2342362
2342362
2342362
2342362
2342362
2342362
2342362
2342362
2342362
2342362
2342362
2342362
2342362
2342362
2342362
2342362
2342362
2342362
2342362
2342362
2342362
2342362
2342362
2342362
2342362
2342362
2342362
2342362
2342362
2342362
2342362
2342362
2342362
2342362
2342362
2342362
2342362
2342362
2342362
2342362
2342362
2342362
2342362
2342362
2342362
2342362
2342362
2342362
2342362
2342362
2342362
2342362
2342362
2342362
2342362
2342362
2342362
2342362
2342362
2342362
2342362
2342362
2342362
2342362
2342362
2342362
2342362
2342362
2342362
2342362
2342362
2342362
2342362
2342362
2342362
2342362
2342362
2342362
2342362
2342362
2342362
2342362
2342362
2342362
2342362
2342362
2342362
2342362
2342362
2342362
2342362
2342362
2342362
2342362
2342362
2342362
2342362
2342362
2342362
2342362
2342362
2342362
2342362
2342362
2342362
2342362
2342362
2342362
2342362
2342362
2342362
2342362
2342362
2342362
2342362
2342362
2342362
2342362
2342362
2342362
2342362
2342362
2342362
2342362
2342362
2342362
2342362
2342362
2342362
2342362
2342362
2342362
2342362
2342362
2342362
2342362
2342362
2342362
2342362
2342362
2342362
2342362
2342362
2342362
2342362
2342362
2342362
2342362
2342362
2342362
2342362
2342362
2342362
2342362
2342362
2342362
2342362
2342362
2342362
2342362
2342362
2342362
2342362
2342362
2342362
2342362
2342362
2342362
2342362
2342362
2342362
2342362
2342362
2342362
2342362
2342362
