1500000
96774
96774
96774
96774
96774
96774
96774
96774
96774
96774
96774
96774
96774
96774
96774
96774
96774
96774
96774
96774
96774
96774
96774
96774
96774
96774
96774
96774
96774
96774
96774
500000
500000
500000
500000
500000
500000
500000
500000
500000
250000
250000
250000
250000
982077
982077
982077
982077
982077
982077
982077
982077
982077
982077
982077
982077
982077
246600
246600
246600
246600
246600
2412000
2412000
2412000
1547333
1547333
1547333
1547333
1547333
1547333
604211
604211
604211
604211
604211
604211
604211
604211
604211
604211
604211
604211
604211
604211
604211
604211
604211
604211
604211
927143
927143
927143
927143
927143
927143
927143
927143
927143
927143
927143
927143
927143
927143
1662667
1662667
1662667
1662667
1662667
1662667
2753500
2753500
2383000
3013700
5486300
6124000
4940000
4203000
4349000
3728000
5131000
6795000
7185000
2876000
3293000
2832000
2590000
3679000
6079000
5971000
3350000
2872000
4585000
3695000
3593000
4320000
3832000
2441000
2318000
2895000
3943000
5226000
7032000
4861000
4225000
4592000
4588000
6487000
7929000
9558000
11601000
5342000
4932000
4567000
4690000
5032000
8107000
10492000
9360000
6721000
8657000
9733000
11575000
12638000
13723000
12354000
13951000
15053000
13698000
13822000
17187000
16645000
13929000
13586000
16395000
19461000
20009000
17637000
18631000
17983000
18198000
22296000
20440000
22918000
18660000
20997000
18552000
14844000
16255000
14828000
15894000
20443000
18214000
15010000
14247000
11364000
19776000
21240000
21502000
23605000
20232000
18734000
20521000
22039000
24119000
24741000
23162000
21425000
20557000
20927000
19020000
18941000
19474000
19026000
12862000
9462000
12918000
13252000
10712000
11845000
11237000
8699000
8320000
8950000
10587000
12590000
11738000
11276000
9804000
9130000
10759000
11168000
13121000
16000000
17292000
13810000
11561000
15604000
17489000
17888000
17969000
18177000
15424000
16708000
19156000
19673000
17867000
15589000
15968000
12524000
12221000
12524000
13043000
12146000
12212000
11932000
9457000
9089000
12443000
11902000
12854000
12292000
11971000
11479000
11085000
14939000
13845000
12695000
15481000
15635000
13385000
11691000
11341000
11623000
8839000
8222000
7524000
8213000
7058000
5638000
5942000
5557000
5251000
5407000
7340000
5540000
4400000
4418000
4490000
4251000
4338000
4026000
3595000
3348000
1618000
3979000
4209000
3675000
3222000
2513000
2983000
2869000
2867000
2531000
754000
755000
501452
599682
593500
655323
811254
867581
894371
767291
976115
971993
977489
1257065
1290038
930778
1044807
1379337
1463142
1441847
1528399
1695321
1173948
1023512
1697382
1821028
2001001
2288821
3188687
4214947
3922319
3675027
4486968
5403320
6085433
6145882
7196184
5924007
5335315
5727547
5972091
5843637
5963161
6470796
5107258
4449187
4706783
4730825
4392860
4622291
5291666
4396101
3737598
4485252
4856040
5209268
5752280
6786299
6177099
5249116
5512518
5676637
5391623
5697574
7175998
6486427
4787826
5021510
4983689
5274106
6172372
2055446
1806871
1703757
1711732
1871436
1994299
2141469
2250280
2013289
2068169
2182867
2427454
2523732
2492969
2319973
2171663
2343140
2629505
2734898
2525631
2262434
1127419
1258828
1391376
1582982
1605770
1514619
1477209
1216481
1021456
1154764
1241927
1152865
1034749
1003226
855296
787503
850549
954233
894415
830230
846371
701670
712304
1013671
984996
1027153
1030192
889098
706797
439422
63426
13483
55070
138815
241549
338966
414166
722938
478117
566657
605563
621003
494517
376056
501408
397951
557760
543279
534992
439299
342297
488236
476111
522780
569274
552700
468192
413591
531800
534214
545543
513878
502550
416006
351562
445813
411363
470606
471349
480914
388798
353790
467635
502921
497071
439406
458999
572677
478059
556264
371819
401238
388943
532584
501224
472643
536950
540788
530731
494079
993131
846272
722972
720525
606403
852697
71742
73832
59553
54399
64475
1000000
1000000
1000000
1000000
1000000
1000000
1000000
1000000
1000000
1000000
1000000
1000000
1000000
1000000
1000000
1000000
1000000
1000000
1000000
1000000
1000000
1000000
1000000
1000000
1000000
1000000
1000000
1000000
1000000
1000000
1000000
1000000
1000000
1000000
1000000
1000000
1000000
1000000
1000000
1000000
1000000
1000000
1000000
1000000
1000000
1000000
1000000
1000000
1000000
1000000
1000000
1000000
1000000
1000000
1000000
1000000
1000000
1000000
1000000
1000000
1000000
1000000
1000000
1000000
1000000
1000000
1000000
1000000
1000000
1000000
1000000
1000000
1000000
1000000
1000000
1000000
1000000
1000000
1000000
1000000
1000000
1000000
1000000
1000000
1000000
1000000
1000000
1000000
1000000
1000000
1000000
1000000
1000000
1000000
1000000
1000000
1000000
1000000
1000000
1000000
1000000
1000000
1000000
1000000
1000000
1000000
1000000
1000000
1000000
1000000
1000000
1000000
1000000
1000000
1000000
1000000
1000000
1000000
1000000
1000000
1000000
1000000
1000000
1000000
1000000
1000000
1000000
1000000
1000000
1000000
1000000
1000000
1000000
1000000
1000000
1000000
1000000
1000000
1000000
1000000
1000000
1000000
1000000
1000000
1000000
1000000
1000000
1000000
1000000
1000000
1000000
1000000
1000000
1000000
1000000
1000000
1000000
1000000
1000000
1000000
1000000
1000000
1000000
1000000
1000000
1000000
1000000
1000000
1000000
1000000
1000000
1000000
1000000
1000000
1000000
1000000
1000000
1000000
1000000
1000000
1000000
1000000
1000000
1000000
1000000
1000000
1000000
1000000
1000000
1000000
1000000
1000000
1000000
1000000
1000000
1000000
1000000
1000000
1000000
1000000
1000000
1000000
1000000
1000000
1000000
1000000
1000000
1000000
1000000
1000000
1000000
1000000
1000000
1000000
1000000
1000000
1000000
1000000
1000000
1000000
1000000
1000000
1000000
1000000
1000000
1000000
1000000
1000000
1000000
1000000
1000000
1000000
1000000
1000000
1000000
1000000
1000000
1000000
1000000
1000000
1000000
1000000
1000000
1000000
1000000
1000000
1000000
1000000
1000000
1000000
1000000
1000000
1000000
1000000
1000000
1000000
1000000
1000000
1000000
1000000
1000000
1000000
1000000
1000000
1000000
1000000
1000000
1000000
1000000
1000000
1000000
1000000
1000000
1000000
1000000
1000000
1000000
1000000
1000000
1000000
1000000
1000000
1000000
1000000
1000000
1000000
1000000
1000000
1000000
1000000
1000000
1000000
1000000
1000000
1000000
1000000
1000000
1000000
1000000
1000000
1000000
1000000
1000000
1000000
1000000
1000000
1000000
1000000
1000000
1000000
1000000
1000000
1000000
1000000
1000000
1000000
1000000
1000000
1000000
1000000
1000000
1000000
1000000
1000000
1000000
1000000
1000000
1000000
1000000
1000000
1000000
1000000
1000000
1000000
1000000
1000000
1000000
1000000
1000000
1000000
1000000
1000000
1000000
1000000
1000000
1000000
1000000
1000000
1000000
1000000
1000000
1000000
1000000
1000000
1000000
1000000
1000000
1000000
1000000
1000000
1000000
1000000
1000000
1000000
1000000
1000000
1000000
1000000
1000000
1000000
1000000
1000000
1000000
1000000
1000000
1000000
1000000
1000000
1000000
1000000
1000000
1000000
1000000
1000000
1000000
1000000
1000000
1000000
1000000
1000000
1000000
1000000
1000000
1000000
1000000
1000000
1000000
1000000
1000000
1000000
1000000
1000000
1000000
1000000
1000000
1000000
1000000
1000000
1000000
1000000
1000000
1000000
1000000
1000000
1000000
1000000
1000000
1000000
1000000
1000000
1000000
1000000
1000000
1000000
1000000
1000000
1000000
1000000
1000000
1000000
1000000
1000000
1000000
1000000
1000000
1000000
1000000
1000000
1000000
1000000
1000000
1000000
1000000
1000000
1000000
1000000
1000000
1000000
1000000
1000000
1000000
1000000
1000000
1000000
1000000
1000000
1000000
1000000
1000000
1000000
1000000
1000000
1000000
1000000
1000000
1000000
1000000
1000000
1000000
1000000
1000000
1000000
1000000
1000000
1000000
1000000
1000000
1000000
1000000
1000000
1000000
1000000
1000000
1000000
1000000
1000000
1000000
1000000
1000000
1000000
1000000
1000000
1000000
1000000
1000000
1000000
1000000
1000000
1000000
1000000
1000000
