0.561457524327084 0.561457524327084 0.561457524327084 1 1 1 1 1 1 1 1 1 1 1
0.520141437133019 0.520141437133019 0.520141437133019 1 1 1 1 1 1 1 1 1 1 1
0.459756163052198 0.459756163052198 0.459756163052198 1 1 1 1 1 1 1 1 1 1 1
0.701300005126064 0.701300005126064 0.701300005126064 1 1 1 1 1 1 1 1 1 1 1
0.327006411544571 0.327006411544571 0.327006411544571 1 1 1 1 1 1 1 1 1 1 1
0.466983475655069 0.466983475655069 0.466983475655069 1 1 1 1 1 1 1 1 1 1 1
0.564525245515583 0.564525245515583 0.564525245515583 1 1 1 1 1 1 1 1 1 1 1
0.605400873406352 0.605400873406352 0.605400873406352 1 1 1 1 1 1 1 1 1 1 1
0.455485324368185 0.455485324368185 0.455485324368185 1 1 1 1 1 1 1 1 1 1 1
0.620820343514093 0.620820343514093 0.620820343514093 1 1 1 1 1 1 1 1 1 1 1
0.722279255243017 0.722279255243017 0.722279255243017 1 1 1 1 1 1 1 1 1 1 1
0.597886328970856 0.597886328970856 0.597886328970856 1 1 1 1 1 1 1 1 1 1 1
0.535790962394807 0.535790962394807 0.535790962394807 1 1 1 1 1 1 1 1 1 1 1
0.417034435174284 0.417034435174284 0.417034435174284 1 1 1 1 1 1 1 1 1 1 1
0.899447283354104 0.899447283354104 0.899447283354104 1 1 1 1 1 1 1 1 1 1 1
0.686681406669181 0.686681406669181 0.686681406669181 1 1 1 1 1 1 1 1 1 1 1
0.28234983115015 0.28234983115015 0.28234983115015 1 1 1 1 1 1 1 1 1 1 1
0.678198856191553 0.678198856191553 0.678198856191553 1 1 1 1 1 1 1 1 1 1 1
0.848528127617412 0.848528127617412 0.848528127617412 1 1 1 1 1 1 1 1 1 1 1
0.600936769332883 0.600936769332883 0.600936769332883 1 1 1 1 1 1 1 1 1 1 1
0.563039438106912 0.563039438106912 0.563039438106912 1 1 1 1 1 1 1 1 1 1 1
0.473950428842001 0.473950428842001 0.473950428842001 1 1 1 1 1 1 1 1 1 1 1
0.481841854363503 0.481841854363503 0.481841854363503 1 1 1 1 1 1 1 1 1 1 1
0.578403645666531 0.578403645666531 0.578403645666531 1 1 1 1 1 1 1 1 1 1 1
0.456550590660111 0.456550590660111 0.456550590660111 1 1 1 1 1 1 1 1 1 1 1
0.546399698100062 0.546399698100062 0.546399698100062 1 1 1 1 1 1 1 1 1 1 1
0.586903005692541 0.586903005692541 0.586903005692541 1 1 1 1 1 1 1 1 1 1 1
0.58584492992764 0.58584492992764 0.58584492992764 1 1 1 1 1 1 1 1 1 1 1
0.743009575281386 0.743009575281386 0.743009575281386 1 1 1 1 1 1 1 1 1 1 1
0.278454964301922 0.278454964301922 0.278454964301922 1 1 1 1 1 1 1 1 1 1 1
0.573305064429777 0.573305064429777 0.573305064429777 1 1 1 1 1 1 1 1 1 1 1
0.616121654988591 0.616121654988591 0.616121654988591 1 1 1 1 1 1 1 1 1 1 1
0.773621324490765 0.773621324490765 0.773621324490765 1 1 1 1 1 1 1 1 1 1 1
0.594330980242549 0.594330980242549 0.594330980242549 1 1 1 1 1 1 1 1 1 1 1
0.546356120340656 0.546356120340656 0.546356120340656 1 1 1 1 1 1 1 1 1 1 1
1.16072204745 1.16072204745 1.16072204745 1 1 1 1 1 1 1 1 1 1 1
0.90540658642891 0.90540658642891 0.90540658642891 1 1 1 1 1 1 1 1 1 1 1
0.666117830646874 0.666117830646874 0.666117830646874 1 1 1 1 1 1 1 1 1 1 1
0.560176673502705 0.560176673502705 0.560176673502705 1 1 1 1 1 1 1 1 1 1 1
0.501722923480366 0.501722923480366 0.501722923480366 1 1 1 1 1 1 1 1 1 1 1
0.612819534657741 0.612819534657741 0.612819534657741 1 1 1 1 1 1 1 1 1 1 1
0.487832084700076 0.487832084700076 0.487832084700076 1 1 1 1 1 1 1 1 1 1 1
0.502511240081529 0.502511240081529 0.502511240081529 1 1 1 1 1 1 1 1 1 1 1
0.674726978708437 0.674726978708437 0.674726978708437 1 1 1 1 1 1 1 1 1 1 1
0.733510894014567 0.733510894014567 0.733510894014567 1 1 1 1 1 1 1 1 1 1 1
0.745112041667485 0.745112041667485 0.745112041667485 1 1 1 1 1 1 1 1 1 1 1
0.506470859718049 0.506470859718049 0.506470859718049 1 1 1 1 1 1 1 1 1 1 1
0.864548453117593 0.864548453117593 0.864548453117593 1 1 1 1 1 1 1 1 1 1 1
0.463538574665902 0.463538574665902 0.463538574665902 1 1 1 1 1 1 1 1 1 1 1
0.503554605342154 0.503554605342154 0.503554605342154 1 1 1 1 1 1 1 1 1 1 1
0.62560699540944 0.62560699540944 0.62560699540944 1 1 1 1 1 1 1 1 1 1 1
0.387228814302228 0.387228814302228 0.387228814302228 1 1 1 1 1 1 1 1 1 1 1
0.494265656828032 0.494265656828032 0.494265656828032 1 1 1 1 1 1 1 1 1 1 1
0.314600292756543 0.314600292756543 0.314600292756543 1 1 1 1 1 1 1 1 1 1 1
0.471052762066964 0.471052762066964 0.471052762066964 1 1 1 1 1 1 1 1 1 1 1
0.658168916280891 0.658168916280891 0.658168916280891 1 1 1 1 1 1 1 1 1 1 1
0.450897527367836 0.450897527367836 0.450897527367836 1 1 1 1 1 1 1 1 1 1 1
0.542311549993031 0.542311549993031 0.542311549993031 1 1 1 1 1 1 1 1 1 1 1
0.551534103914132 0.551534103914132 0.551534103914132 1 1 1 1 1 1 1 1 1 1 1
0.657133667102396 0.657133667102396 0.657133667102396 1 1 1 1 1 1 1 1 1 1 1
0.474451788021008 0.474451788021008 0.474451788021008 1 1 1 1 1 1 1 1 1 1 1
0.61084897862822 0.61084897862822 0.61084897862822 1 1 1 1 1 1 1 1 1 1 1
0.469403936036593 0.469403936036593 0.469403936036593 1 1 1 1 1 1 1 1 1 1 1
0.602551426051597 0.602551426051597 0.602551426051597 1 1 1 1 1 1 1 1 1 1 1
0.590581325664959 0.590581325664959 0.590581325664959 1 1 1 1 1 1 1 1 1 1 1
0.665908649127171 0.665908649127171 0.665908649127171 1 1 1 1 1 1 1 1 1 1 1
0.435169560814469 0.435169560814469 0.435169560814469 1 1 1 1 1 1 1 1 1 1 1
0.547195840557865 0.547195840557865 0.547195840557865 1 1 1 1 1 1 1 1 1 1 1
0.54307271599749 0.54307271599749 0.54307271599749 1 1 1 1 1 1 1 1 1 1 1
0.650160910278778 0.650160910278778 0.650160910278778 1 1 1 1 1 1 1 1 1 1 1
0.703522654019332 0.703522654019332 0.703522654019332 1 1 1 1 1 1 1 1 1 1 1
0.404039209616077 0.404039209616077 0.404039209616077 1 1 1 1 1 1 1 1 1 1 1
0.309432100229976 0.309432100229976 0.309432100229976 1 1 1 1 1 1 1 1 1 1 1
0.456250982672422 0.456250982672422 0.456250982672422 1 1 1 1 1 1 1 1 1 1 1
0.616710450856255 0.616710450856255 0.616710450856255 1 1 1 1 1 1 1 1 1 1 1
0.640632086269646 0.640632086269646 0.640632086269646 1 1 1 1 1 1 1 1 1 1 1
0.704712681545533 0.704712681545533 0.704712681545533 1 1 1 1 1 1 1 1 1 1 1
0.812480083812886 0.812480083812886 0.812480083812886 1 1 1 1 1 1 1 1 1 1 1
0.573900583541615 0.573900583541615 0.573900583541615 1 1 1 1 1 1 1 1 1 1 1
0.536503607930588 0.536503607930588 0.536503607930588 1 1 1 1 1 1 1 1 1 1 1
0.581059176808721 0.581059176808721 0.581059176808721 1 1 1 1 1 1 1 1 1 1 1
0.494653895627921 0.494653895627921 0.494653895627921 1 1 1 1 1 1 1 1 1 1 1
0.31840040754814 0.31840040754814 0.31840040754814 1 1 1 1 1 1 1 1 1 1 1
0.382926218785277 0.382926218785277 0.382926218785277 1 1 1 1 1 1 1 1 1 1 1
0.521794005258053 0.521794005258053 0.521794005258053 1 1 1 1 1 1 1 1 1 1 1
0.537763609959934 0.537763609959934 0.537763609959934 1 1 1 1 1 1 1 1 1 1 1
0.854909093232158 0.854909093232158 0.854909093232158 1 1 1 1 1 1 1 1 1 1 1
0.375898022736908 0.375898022736908 0.375898022736908 1 1 1 1 1 1 1 1 1 1 1
0.609720955396576 0.609720955396576 0.609720955396576 1 1 1 1 1 1 1 1 1 1 1
0.648422042455511 0.648422042455511 0.648422042455511 1 1 1 1 1 1 1 1 1 1 1
0.375422077625263 0.375422077625263 0.375422077625263 1 1 1 1 1 1 1 1 1 1 1
0.609109198778295 0.609109198778295 0.609109198778295 1 1 1 1 1 1 1 1 1 1 1
0.481305867077086 0.481305867077086 0.481305867077086 1 1 1 1 1 1 1 1 1 1 1
0.575792757962166 0.575792757962166 0.575792757962166 1 1 1 1 1 1 1 1 1 1 1
0.724635821317625 0.724635821317625 0.724635821317625 1 1 1 1 1 1 1 1 1 1 1
0.477497563999253 0.477497563999253 0.477497563999253 1 1 1 1 1 1 1 1 1 1 1
0.485325120275471 0.485325120275471 0.485325120275471 1 1 1 1 1 1 1 1 1 1 1
0.705717827615944 0.705717827615944 0.705717827615944 1 1 1 1 1 1 1 1 1 1 1
0.838923480515096 0.838923480515096 0.838923480515096 1 1 1 1 1 1 1 1 1 1 1
0.524498096193706 0.524498096193706 0.524498096193706 1 1 1 1 1 1 1 1 1 1 1
0.413042572445966 0.413042572445966 0.413042572445966 1 1 1 1 1 1 1 1 1 1 1
0.633405503948827 0.633405503948827 0.633405503948827 1 1 1 1 1 1 1 1 1 1 1
0.449875439329329 0.449875439329329 0.449875439329329 1 1 1 1 1 1 1 1 1 1 1
0.574571291167061 0.574571291167061 0.574571291167061 1 1 1 1 1 1 1 1 1 1 1
0.480051243275546 0.480051243275546 0.480051243275546 1 1 1 1 1 1 1 1 1 1 1
0.618993661838758 0.618993661838758 0.618993661838758 1 1 1 1 1 1 1 1 1 1 1
0.555511902903587 0.555511902903587 0.555511902903587 1 1 1 1 1 1 1 1 1 1 1
0.592870528874387 0.592870528874387 0.592870528874387 1 1 1 1 1 1 1 1 1 1 1
0.50495173232581 0.50495173232581 0.50495173232581 1 1 1 1 1 1 1 1 1 1 1
0.435847595593656 0.435847595593656 0.435847595593656 1 1 1 1 1 1 1 1 1 1 1
0.610416815843604 0.610416815843604 0.610416815843604 1 1 1 1 1 1 1 1 1 1 1
0.495066983350823 0.495066983350823 0.495066983350823 1 1 1 1 1 1 1 1 1 1 1
0.655990929141696 0.655990929141696 0.655990929141696 1 1 1 1 1 1 1 1 1 1 1
0.430491057121027 0.430491057121027 0.430491057121027 1 1 1 1 1 1 1 1 1 1 1
0.4999531571492 0.4999531571492 0.4999531571492 1 1 1 1 1 1 1 1 1 1 1
0.528594480723998 0.528594480723998 0.528594480723998 1 1 1 1 1 1 1 1 1 1 1
0.651332763543077 0.651332763543077 0.651332763543077 1 1 1 1 1 1 1 1 1 1 1
0.397012764924426 0.397012764924426 0.397012764924426 1 1 1 1 1 1 1 1 1 1 1
0.568090062297439 0.568090062297439 0.568090062297439 1 1 1 1 1 1 1 1 1 1 1
0.671389081704101 0.671389081704101 0.671389081704101 1 1 1 1 1 1 1 1 1 1 1
0.542866517316141 0.542866517316141 0.542866517316141 1 1 1 1 1 1 1 1 1 1 1
0.436412681940873 0.436412681940873 0.436412681940873 1 1 1 1 1 1 1 1 1 1 1
0.652839062164505 0.652839062164505 0.652839062164505 1 1 1 1 1 1 1 1 1 1 1
0.511101603578314 0.511101603578314 0.511101603578314 1 1 1 1 1 1 1 1 1 1 1
0.52437525087065 0.52437525087065 0.52437525087065 1 1 1 1 1 1 1 1 1 1 1
0.466197286667109 0.466197286667109 0.466197286667109 1 1 1 1 1 1 1 1 1 1 1
0.494983230742269 0.494983230742269 0.494983230742269 1 1 1 1 1 1 1 1 1 1 1
0.631393424449941 0.631393424449941 0.631393424449941 1 1 1 1 1 1 1 1 1 1 1
0.737622215367754 0.737622215367754 0.737622215367754 1 1 1 1 1 1 1 1 1 1 1
0.63760409441181 0.63760409441181 0.63760409441181 1 1 1 1 1 1 1 1 1 1 1
0.515968575761157 0.515968575761157 0.515968575761157 1 1 1 1 1 1 1 1 1 1 1
0.494956350735595 0.494956350735595 0.494956350735595 1 1 1 1 1 1 1 1 1 1 1
0.600113803202311 0.600113803202311 0.600113803202311 1 1 1 1 1 1 1 1 1 1 1
0.591194859742633 0.591194859742633 0.591194859742633 1 1 1 1 1 1 1 1 1 1 1
0.510293607832697 0.510293607832697 0.510293607832697 1 1 1 1 1 1 1 1 1 1 1
0.505981013134336 0.505981013134336 0.505981013134336 1 1 1 1 1 1 1 1 1 1 1
0.617260758896061 0.617260758896061 0.617260758896061 1 1 1 1 1 1 1 1 1 1 1
0.42713100215047 0.42713100215047 0.42713100215047 1 1 1 1 1 1 1 1 1 1 1
0.585806652352923 0.585806652352923 0.585806652352923 1 1 1 1 1 1 1 1 1 1 1
0.514920327916063 0.514920327916063 0.514920327916063 1 1 1 1 1 1 1 1 1 1 1
0.444536577166758 0.444536577166758 0.444536577166758 1 1 1 1 1 1 1 1 1 1 1
0.557077073214272 0.557077073214272 0.557077073214272 1 1 1 1 1 1 1 1 1 1 1
0.460560741679732 0.460560741679732 0.460560741679732 1 1 1 1 1 1 1 1 1 1 1
0.485040699543169 0.485040699543169 0.485040699543169 1 1 1 1 1 1 1 1 1 1 1
0.590897655247542 0.590897655247542 0.590897655247542 1 1 1 1 1 1 1 1 1 1 1
0.587136047938599 0.587136047938599 0.587136047938599 1 1 1 1 1 1 1 1 1 1 1
0.572875747899847 0.572875747899847 0.572875747899847 1 1 1 1 1 1 1 1 1 1 1
0.545702867645393 0.545702867645393 0.545702867645393 1 1 1 1 1 1 1 1 1 1 1
0.530393977871174 0.530393977871174 0.530393977871174 1 1 1 1 1 1 1 1 1 1 1
0.812661798994671 0.812661798994671 0.812661798994671 1 1 1 1 1 1 1 1 1 1 1
0.660220947328136 0.660220947328136 0.660220947328136 1 1 1 1 1 1 1 1 1 1 1
0.574642528371075 0.574642528371075 0.574642528371075 1 1 1 1 1 1 1 1 1 1 1
0.356921946585139 0.356921946585139 0.356921946585139 1 1 1 1 1 1 1 1 1 1 1
0.95035774831121 0.95035774831121 0.95035774831121 1 1 1 1 1 1 1 1 1 1 1
0.614496029142389 0.614496029142389 0.614496029142389 1 1 1 1 1 1 1 1 1 1 1
0.636531045350484 0.636531045350484 0.636531045350484 1 1 1 1 1 1 1 1 1 1 1
0.469362773592409 0.469362773592409 0.469362773592409 1 1 1 1 1 1 1 1 1 1 1
0.465513939475129 0.465513939475129 0.465513939475129 1 1 1 1 1 1 1 1 1 1 1
0.415750805178008 0.415750805178008 0.415750805178008 1 1 1 1 1 1 1 1 1 1 1
0.758124314157703 0.758124314157703 0.758124314157703 1 1 1 1 1 1 1 1 1 1 1
0.531484777460589 0.531484777460589 0.531484777460589 1 1 1 1 1 1 1 1 1 1 1
0.342679443089651 0.342679443089651 0.342679443089651 1 1 1 1 1 1 1 1 1 1 1
0.651538406670808 0.651538406670808 0.651538406670808 1 1 1 1 1 1 1 1 1 1 1
0.592533666406085 0.592533666406085 0.592533666406085 1 1 1 1 1 1 1 1 1 1 1
0.51760410669476 0.51760410669476 0.51760410669476 1 1 1 1 1 1 1 1 1 1 1
0.570836821023719 0.570836821023719 0.570836821023719 1 1 1 1 1 1 1 1 1 1 1
0.598361004511561 0.598361004511561 0.598361004511561 1 1 1 1 1 1 1 1 1 1 1
0.439844187728706 0.439844187728706 0.439844187728706 1 1 1 1 1 1 1 1 1 1 1
0.745497713576639 0.745497713576639 0.745497713576639 1 1 1 1 1 1 1 1 1 1 1
0.544105460574805 0.544105460574805 0.544105460574805 1 1 1 1 1 1 1 1 1 1 1
0.440404489498912 0.440404489498912 0.440404489498912 1 1 1 1 1 1 1 1 1 1 1
0.380707775651183 0.380707775651183 0.380707775651183 1 1 1 1 1 1 1 1 1 1 1
0.518349007392738 0.518349007392738 0.518349007392738 1 1 1 1 1 1 1 1 1 1 1
0.550980513105984 0.550980513105984 0.550980513105984 1 1 1 1 1 1 1 1 1 1 1
0.595980827897428 0.595980827897428 0.595980827897428 1 1 1 1 1 1 1 1 1 1 1
0.848291204902333 0.848291204902333 0.848291204902333 1 1 1 1 1 1 1 1 1 1 1
0.700881978746731 0.700881978746731 0.700881978746731 1 1 1 1 1 1 1 1 1 1 1
0.547604681300383 0.547604681300383 0.547604681300383 1 1 1 1 1 1 1 1 1 1 1
0.618346020527122 0.618346020527122 0.618346020527122 1 1 1 1 1 1 1 1 1 1 1
0.530775241107063 0.530775241107063 0.530775241107063 1 1 1 1 1 1 1 1 1 1 1
0.568453824598019 0.568453824598019 0.568453824598019 1 1 1 1 1 1 1 1 1 1 1
0.463754879620494 0.463754879620494 0.463754879620494 1 1 1 1 1 1 1 1 1 1 1
0.456091822377908 0.456091822377908 0.456091822377908 1 1 1 1 1 1 1 1 1 1 1
0.556910246303854 0.556910246303854 0.556910246303854 1 1 1 1 1 1 1 1 1 1 1
0.64596836759841 0.64596836759841 0.64596836759841 1 1 1 1 1 1 1 1 1 1 1
0.455439679886331 0.455439679886331 0.455439679886331 1 1 1 1 1 1 1 1 1 1 1
0.74630349731278 0.74630349731278 0.74630349731278 1 1 1 1 1 1 1 1 1 1 1
0.590843662824095 0.590843662824095 0.590843662824095 1 1 1 1 1 1 1 1 1 1 1
0.562918279468323 0.562918279468323 0.562918279468323 1 1 1 1 1 1 1 1 1 1 1
0.62795631898614 0.62795631898614 0.62795631898614 1 1 1 1 1 1 1 1 1 1 1
0.60218640800905 0.60218640800905 0.60218640800905 1 1 1 1 1 1 1 1 1 1 1
0.437258013193556 0.437258013193556 0.437258013193556 1 1 1 1 1 1 1 1 1 1 1
0.449471972235087 0.449471972235087 0.449471972235087 1 1 1 1 1 1 1 1 1 1 1
0.776502220794302 0.776502220794302 0.776502220794302 1 1 1 1 1 1 1 1 1 1 1
0.594939129815337 0.594939129815337 0.594939129815337 1 1 1 1 1 1 1 1 1 1 1
0.593857603484326 0.593857603484326 0.593857603484326 1 1 1 1 1 1 1 1 1 1 1
0.531530426828973 0.531530426828973 0.531530426828973 1 1 1 1 1 1 1 1 1 1 1
0.402996179415717 0.402996179415717 0.402996179415717 1 1 1 1 1 1 1 1 1 1 1
0.638863576657446 0.638863576657446 0.638863576657446 1 1 1 1 1 1 1 1 1 1 1
0.517236474985263 0.517236474985263 0.517236474985263 1 1 1 1 1 1 1 1 1 1 1
