0.221141 0.195194 0.204344 0.516754 0.516462 0.393716 0.350228 0.296165 0.236992 0.196181 0.239095 0.176873 0.106558 0.0562186
0.658621 8.54825 2.31364 1.06765 1.35703 1.45628 1.64239 1.30217 0.918247 0.623361 0.690317 0.493854 0.35652 0.191224
0.398543 1.43788 7.19258 1.6876 0.631348 0.719681 1.20562 1.28453 0.89079 0.525896 0.446965 0.301824 0.232446 0.146404
0.766743 0.485344 1.52087 3.49253 1.42603 1.00705 1.29833 1.67155 1.52165 1.02761 0.916931 0.552162 0.344418 0.19459
0.627671 0.497585 0.392914 1.15801 1.57666 1.27148 1.1801 1.24785 1.15328 0.899955 0.888735 0.542153 0.304449 0.124962
0.516095 0.55931 0.468439 0.873801 1.34976 1.63612 1.60137 1.33652 1.08239 0.807455 0.888004 0.544167 0.30297 0.115478
0.375994 0.514654 0.642553 0.911508 1.0308 1.32209 2.01222 1.79975 1.17159 0.75295 0.816447 0.537607 0.308181 0.112028
0.294236 0.380347 0.654075 1.09592 1.02096 1.02502 1.68863 2.19527 1.54978 0.787136 0.738963 0.488343 0.325941 0.120603
0.279446 0.317782 0.539148 1.19204 1.12438 0.986008 1.29887 1.8241 1.88546 1.0649 0.756882 0.422213 0.293256 0.146664
0.310921 0.291045 0.428289 1.08292 1.17051 0.983806 1.11856 1.24861 1.41212 1.26747 1.02448 0.420818 0.22689 0.160052
0.376657 0.321119 0.359496 0.961278 1.14439 1.07374 1.20385 1.16697 1.00131 1.00976 1.31128 0.676265 0.257055 0.164495
0.375185 0.312515 0.32836 0.782593 0.94482 0.890422 1.07608 1.04986 0.763903 0.56043 0.897057 0.893618 0.452082 0.168261
0.327542 0.325326 0.36642 0.704554 0.765578 0.715763 0.888455 1.00911 0.772019 0.442972 0.497154 0.628819 0.696783 0.219536
0.81532 0.811182 1.0841 1.86624 1.4744 1.25 1.47092 1.68042 1.73905 1.50433 1.65851 1.18101 0.892781 0.98753
